Brier: 0.052872
ECE(bins=15): 0.000784
LogLoss (cross-entropy): 0.178708
