Brier: 0.075513
ECE(bins=15): 0.015851
LogLoss (cross-entropy): 0.254381
