Brier: 0.053839
ECE(bins=15): 0.003227
LogLoss (cross-entropy): 0.182215
