Brier: 0.053617
ECE(bins=15): 0.003410
LogLoss (cross-entropy): 0.181572
