Brier: 0.054533
ECE(bins=15): 0.001433
LogLoss (cross-entropy): 0.192301
