Brier: 0.074522
ECE(bins=15): 0.023922
LogLoss (cross-entropy): 0.250868
