Brier: 0.168237
ECE(bins=15): 0.322923
LogLoss (cross-entropy): 0.522852
