Brier: 0.064071
ECE(bins=15): 0.031754
LogLoss (cross-entropy): 0.517873
