Brier: 0.031306
ECE(bins=15): 0.005123
LogLoss (cross-entropy): 0.105663
