Brier: 0.052870
ECE(bins=15): 0.001043
LogLoss (cross-entropy): 0.178732
