Brier: 0.054198
ECE(bins=15): 0.004919
LogLoss (cross-entropy): 0.183141
