Brier: 0.054300
ECE(bins=15): 0.005261
LogLoss (cross-entropy): 0.183570
