Brier: 0.020144
ECE(bins=15): 0.002396
LogLoss (cross-entropy): 0.071920
