Brier: 0.271079
ECE(bins=15): 0.271079
LogLoss (cross-entropy): 9.770689
